Photo:  C:\Users\noname\Desktop\INTERFER2\workspace\pionowe3framesTue_Aug_23_13_46_39_2011\4.Bmp
Data: Tue Aug 23 13:52:12 2011
Comment: 
Upper fringes - CONCENTRATION C
Diffusion range: 0.233333333333  Subst. ammount: 0.0673677257436  Flow: 0.0168419314359 Diffusion coefficient: 2.16325170456e-05
x[mm]		Value 
-0.908333333333	0.000716750055741
-0.891666666667	0.000713928205128
-000000.875	0.000596821404682
-0.858333333333	0.000596821404682
-0.841666666667	0.000605286956522
-000000.825	0.000603876031215
-0.808333333333	0.000605286956522
-0.791666666667	0.000605286956522
-000000.775	0.000603876031215
-0.758333333333	0.000603876031215
-0.741666666667	0.000605286956522
-000000.725	0.000603876031215
-0.708333333333	0.000603876031215
-0.691666666667	0.000603876031215
-000000.675	0.000603876031215
-0.658333333333	0.000602465105909
-0.641666666667	0.000602465105909
-000000.625	0.000602465105909
-0.608333333333	0.000602465105909
-0.591666666667	0.000601054180602
-000000.575	0.000601054180602
-0.558333333333	0.000601054180602
-0.541666666667	0.000601054180602
-000000.525	0.000599643255295
-0.508333333333	0.000599643255295
-0.491666666667	0.000599643255295
-000000.475	0.000599643255295
-0.458333333333	0.000598232329989
-0.441666666667	0.000598232329989
-000000.425	0.000598232329989
-0.408333333333	0.000596821404682
-0.391666666667	0.000598232329989
-000000.375	0.00058553400223
-0.358333333333	0.00058553400223
-0.341666666667	0.00058553400223
-000000.325	0.00058553400223
-0.308333333333	0.000584123076923
-0.291666666667	0.000584123076923
-000000.275	0.000582712151616
-0.258333333333	0.000584123076923
-0.241666666667	0.000571424749164
-000000.225	0.00057283567447
-0.208333333333	0.00057283567447
-0.191666666667	0.00057283567447
-000000.175	0.000571424749164
-0.158333333333	0.000571424749164
-0.141666666667	0.000561548272018
-000000.125	0.000560137346711
-0.108333333333	0.000560137346711
-0.0916666666667	0.000558726421405
-000000.075	0.000560137346711
-0.0583333333333	0.000557315496098
-0.0416666666667	0.000555904570792
-000000.025	0.000555904570792
-0.00833333333333	0.000544617168339
0.00833333333333	0.000546028093645
0000000.025	0.000560137346711
0.0416666666667	0.000562959197324
0.0583333333333	0.000574246599777
0000000.075	0.000574246599777
0.0916666666667	0.00057283567447
0.108333333333	0.00057283567447
0000000.125	0.000551671794872
0.141666666667	0.000550260869565
0.158333333333	0.000548849944259
0000000.175	0.000547439018952
0.191666666667	0.000547439018952
0.208333333333	0.000546028093645
0000000.225	0.000546028093645
0.241666666667	0.000544617168339
0.258333333333	0.000544617168339
0000000.275	0.000536151616499
0.291666666667	0.000534740691193
0.308333333333	0.000534740691193
0000000.325	0.000533329765886
0.341666666667	0.000533329765886
0.358333333333	0.000533329765886
0000000.375	0.00053191884058
0.391666666667	0.000520631438127
0.408333333333	0.000517809587514
0000000.425	0.000517809587514
0.441666666667	0.000509344035674
0.458333333333	0.000507933110368
0000000.475	0.000506522185061
0.491666666667	0.000505111259755
0.508333333333	0.000505111259755
0000000.525	0.000503700334448
0.541666666667	0.000502289409142
0.558333333333	0.000503700334448
0000000.575	0.000500878483835
0.591666666667	0.000495234782609
0.608333333333	0.000495234782609
0000000.625	0.000493823857302
0.641666666667	0.000493823857302
0.658333333333	0.000479714604236
0000000.675	0.00047830367893
0.691666666667	0.000476892753623
0.708333333333	0.000475481828317
0000000.725	0.000475481828317
0.741666666667	0.00047407090301
0.758333333333	0.000472659977703
0000000.775	0.000472659977703
0.791666666667	0.00047407090301
0.808333333333	0.000472659977703
0000000.825	0.000471249052397
0.841666666667	0.000462783500557
0.858333333333	0.000462783500557
0000000.875	0.000462783500557
0.891666666667	0.000461372575251
0.908333333333	0.000459961649944
0000000.925	0.000459961649944
0.941666666667	0.000448674247492
0.958333333333	0.000433154069119
0000000.975	0.000433154069119
0.991666666667	0.000431743143813
1.00833333333	0.000431743143813
0000001.025	0.00042045574136
1.04166666667	0.000419044816054
1.05833333333	0.00042045574136
0000001.075	0.0004289212932
1.09166666667	0.000427510367893
1.10833333333	0.000426099442586
0000001.125	0.00042468851728
1.14166666667	0.000407757413601
1.15833333333	0.000406346488294
0000001.175	0.000404935562988
1.19166666667	0.000403524637681
1.20833333333	0.000403524637681
0000001.225	0.000400702787068
1.24166666667	0.000392237235229
1.25833333333	0.000392237235229
0000001.275	0.000389415384615
1.29166666667	0.000388004459309
1.30833333333	0.000382360758082
0000001.325	0.000380949832776
1.34166666667	0.000378127982163
1.35833333333	0.000378127982163
0000001.375	0.000376717056856
1.39166666667	0.00037530613155
1.40833333333	0.00037530613155
0000001.425	0.000373895206243
1.44166666667	0.000372484280936
1.45833333333	0.000369662430323
0000001.475	0.00036260780379
1.49166666667	0.000361196878484
1.50833333333	0.000359785953177
0000001.525	0.000358375027871
1.54166666667	0.000355553177258
1.55833333333	0.000354142251951
0000001.575	0.000349909476031
1.59166666667	0.000349909476031
1.60833333333	0.000338622073579
0000001.625	0.000338622073579
1.64166666667	0.000335800222965
1.65833333333	0.000332978372352
0000001.675	0.000331567447046
1.69166666667	0.000327334671126
1.70833333333	0.000325923745819
0000001.725	0.000324512820513
1.74166666667	0.000323101895206
1.75833333333	0.000318869119287
0000001.775	0.00031745819398
1.79166666667	0.000316047268673
1.80833333333	0.00031322541806
0000001.825	0.000310403567447
1.84166666667	0.00030899264214
1.85833333333	0.000307581716834
0000001.875	0.000306170791527
1.89166666667	0.000304759866221
1.90833333333	0.000301938015608
0000001.925	0.000293472463768
1.94166666667	0.000290650613155
1.95833333333	0.000289239687848
0000001.975	0.000287828762542
1.99166666667	0.000286417837235
2.00833333333	0.000283595986622
0000002.025	0.000282185061315
2.04166666667	0.000280774136009
2.05833333333	0.000279363210702
0000002.075	0.000277952285396
2.09166666667	0.000276541360089
2.10833333333	0.000275130434783
0000002.125	0.000273719509476
2.14166666667	0.000272308584169
2.15833333333	0.000270897658863
0000002.175	0.000269486733556
2.19166666667	0.000266664882943
2.20833333333	0.000258199331104
0000002.225	0.000256788405797
2.24166666667	0.000255377480491
2.25833333333	0.000253966555184
0000002.275	0.000251144704571
2.29166666667	0.000251144704571
2.30833333333	0.000251144704571
0000002.325	0.000246911928651
2.34166666667	0.000245501003344
2.35833333333	0.000245501003344
0000002.375	0.000245501003344
2.39166666667	0.000242679152731
2.40833333333	0.000241268227425
0000002.425	0.000238446376812
2.44166666667	0.000228569899666
2.45833333333	0.000229980824972
0000002.475	0.000228569899666
2.49166666667	0.000225748049052
2.50833333333	0.000224337123746
0000002.525	0.000224337123746
2.54166666667	0.000222926198439
2.55833333333	0.000221515273133
0000002.575	0.00021869342252
2.59166666667	0.00021869342252
2.60833333333	0.000217282497213
0000002.625	0.000215871571906
2.64166666667	0.0002144606466
2.65833333333	0.000215871571906
0000002.675	0.0002144606466
2.69166666667	0.000204584169454
2.70833333333	0.000203173244147
0000002.725	0.000203173244147
2.74166666667	0.000198940468227
2.75833333333	0.000198940468227
0000002.775	0.000198940468227
2.79166666667	0.000194707692308
2.80833333333	0.000194707692308
0000002.825	0.000194707692308
2.84166666667	0.000191885841695
2.85833333333	0.000191885841695
0000002.875	0.000189063991081
2.89166666667	0.000189063991081
2.90833333333	0.000189063991081
0000002.925	0.000187653065775
2.94166666667	0.000186242140468
2.95833333333	0.000186242140468
0000002.975	0.000183420289855
2.99166666667	0.000183420289855
3.00833333333	0.000182009364548
0000003.025	0.000179187513935
3.04166666667	0.000179187513935
3.05833333333	0.000179187513935
0000003.075	0.000179187513935
3.09166666667	0.000176365663322
3.10833333333	0.000177776588629
0000003.125	0.000173543812709
3.14166666667	0.000173543812709
3.15833333333	0.000163667335563
0000003.175	0.000163667335563
3.19166666667	0.000163667335563
3.20833333333	0.00016507826087
0000003.225	0.000159434559643
3.24166666667	0.00016084548495
3.25833333333	0.00015661270903
0000003.275	0.000149558082497
3.29166666667	0.000145325306577
3.30833333333	0.000146736231884
0000003.325	0.000143914381271
3.34166666667	0.000145325306577
3.35833333333	0.000141092530658
0000003.375	0.000139681605351
3.39166666667	0.000141092530658
3.40833333333	0.000136859754738
0000003.425	0.000139681605351
3.44166666667	0.000136859754738
3.45833333333	0.000135448829431
0000003.475	0.000135448829431
3.49166666667	0.000132626978818
3.50833333333	0.000132626978818
0000003.525	0.000129805128205
3.54166666667	0.000128394202899
3.55833333333	0.000129805128205
0000003.575	0.000128394202899
3.59166666667	0.000138270680045
3.60833333333	0.000138270680045
0000003.625	0.000136859754738
3.64166666667	0.000135448829431
3.65833333333	0.000135448829431
0000003.675	0.000134037904125
3.69166666667	0.000125572352285
3.70833333333	0.000125572352285
0000003.725	0.000125572352285
3.74166666667	0.000124161426979
3.75833333333	0.000122750501672
0000003.775	0.000121339576366
3.79166666667	0.000119928651059
3.80833333333	0.000122750501672
0000003.825	0.000121339576366
3.84166666667	0.000121339576366
3.85833333333	0.000108641248606
0000003.875	0.000108641248606
3.89166666667	0.000108641248606
3.90833333333	0.0001072303233
0000003.925	0.000105819397993
3.94166666667	0.0001072303233
3.95833333333	0.000105819397993
0000003.975	0.000105819397993
3.99166666667	0.000104408472687
4.00833333333	0.00010299754738
0000004.025	0.00010299754738
4.04166666667	0.00010299754738
4.05833333333	9.17101449275e-05
0000004.075	9.0299219621e-05
4.09166666667	8.18336677815e-05
4.10833333333	8.04227424749e-05
0000004.125	7.90118171683e-05
4.14166666667	7.90118171683e-05
4.15833333333	7.76008918618e-05
0000004.175	7.76008918618e-05
4.19166666667	7.76008918618e-05
4.20833333333	7.61899665552e-05
0000004.225	7.76008918618e-05
4.24166666667	7.47790412486e-05
4.25833333333	7.3368115942e-05
0000004.275	7.3368115942e-05
4.29166666667	6.20807134894e-05
4.30833333333	6.20807134894e-05
0000004.325	6.06697881828e-05
4.34166666667	5.22042363434e-05
4.35833333333	5.22042363434e-05
0000004.375	5.07933110368e-05
4.39166666667	4.93823857302e-05
4.40833333333	4.79714604236e-05
0000004.425	4.93823857302e-05
4.44166666667	4.23277591973e-05
4.45833333333	4.09168338907e-05
0000004.475	4.65605351171e-05
4.49166666667	4.65605351171e-05
4.50833333333	4.65605351171e-05
0000004.525	4.51496098105e-05
4.54166666667	4.51496098105e-05
4.55833333333	3.80949832776e-05
0000004.575	3.52731326644e-05
4.59166666667	3.6684057971e-05
4.60833333333	3.24512820513e-05
0000004.625	3.24512820513e-05
4.64166666667	3.10403567447e-05
4.65833333333	2.96294314381e-05
0000004.675	3.10403567447e-05
4.69166666667	3.10403567447e-05
4.70833333333	2.96294314381e-05
0000004.725	2.82185061315e-05
4.74166666667	2.6807580825e-05
4.75833333333	2.6807580825e-05
0000004.775	2.6807580825e-05
4.79166666667	2.25748049052e-05
4.80833333333	2.39857302118e-05
0000004.825	2.25748049052e-05
4.84166666667	2.39857302118e-05
4.85833333333	1.83420289855e-05
0000004.875	1.83420289855e-05
4.89166666667	1.69311036789e-05
4.90833333333	1.69311036789e-05
0000004.925	1.69311036789e-05
4.94166666667	2.11638795987e-05
4.95833333333	1.97529542921e-05
0000004.975	1.97529542921e-05
4.99166666667	1.97529542921e-05
5.00833333333	1.83420289855e-05
0000005.025	1.83420289855e-05
5.04166666667	1.83420289855e-05
5.05833333333	1.26983277592e-05

Down fringes - CONCENTRATION C
Diffusion range: 0  Subst. ammount: 0  Flow: 0 Diffusion coefficient: 0
x[mm]		Value 
