Photo:  C:\Users\noname\Desktop\INTERFER2\workspace\prazki\POM1progowanieSlabsze.jpg
Data: Fri Jul 22 01:59:38 2011
Comment: 
Upper fringes - CONCENTRATION C
Diffusion range: 113
x[mm]		Value 
4.51666666667	-3.1624187906e-06
000000004.5	-3.1624187906e-06
4.48333333333	-3.1624187906e-06
4.46666666667	-3.1624187906e-06
00000004.45	-3.1624187906e-06
4.43333333333	-3.1624187906e-06
4.41666666667	-3.1624187906e-06
000000004.4	-3.1624187906e-06
4.38333333333	-3.1624187906e-06
4.36666666667	0.0
00000004.35	-3.1624187906e-06
4.33333333333	-3.1624187906e-06
4.31666666667	0.0
000000004.3	0.0
4.28333333333	0.0
4.26666666667	0.0
00000004.25	0.0
4.23333333333	0.0
4.21666666667	0.0
000000004.2	0.0
4.18333333333	0.0
4.16666666667	0.0
00000004.15	3.1624187906e-06
4.13333333333	3.1624187906e-06
4.11666666667	0.0
000000004.1	3.1624187906e-06
4.08333333333	3.1624187906e-06
4.06666666667	3.1624187906e-06
00000004.05	0.0
4.03333333333	0.0
4.01666666667	0.0
000000004.0	3.1624187906e-06
3.98333333333	0.0
3.96666666667	3.1624187906e-06
00000003.95	0.0
3.93333333333	0.0
3.91666666667	3.1624187906e-06
000000003.9	3.1624187906e-06
3.88333333333	3.1624187906e-06
3.86666666667	3.1624187906e-06
00000003.85	3.1624187906e-06
3.83333333333	3.1624187906e-06
3.81666666667	3.1624187906e-06
000000003.8	3.1624187906e-06
3.78333333333	3.1624187906e-06
3.76666666667	3.1624187906e-06
00000003.75	3.1624187906e-06
3.73333333333	3.1624187906e-06
3.71666666667	3.1624187906e-06
000000003.7	3.1624187906e-06
3.68333333333	3.1624187906e-06
3.66666666667	3.1624187906e-06
00000003.65	3.1624187906e-06
3.63333333333	3.1624187906e-06
3.61666666667	3.1624187906e-06
000000003.6	3.1624187906e-06
3.58333333333	3.1624187906e-06
3.56666666667	6.32483758121e-06
00000003.55	3.1624187906e-06
3.53333333333	6.32483758121e-06
3.51666666667	3.1624187906e-06
000000003.5	6.32483758121e-06
3.48333333333	3.1624187906e-06
3.46666666667	3.1624187906e-06
00000003.45	3.1624187906e-06
3.43333333333	3.1624187906e-06
3.41666666667	6.32483758121e-06
000000003.4	6.32483758121e-06
3.38333333333	6.32483758121e-06
3.36666666667	6.32483758121e-06
00000003.35	3.1624187906e-06
3.33333333333	3.1624187906e-06
3.31666666667	6.32483758121e-06
000000003.3	6.32483758121e-06
3.28333333333	6.32483758121e-06
3.26666666667	6.32483758121e-06
00000003.25	3.1624187906e-06
3.23333333333	3.1624187906e-06
3.21666666667	3.1624187906e-06
000000003.2	3.1624187906e-06
3.18333333333	3.1624187906e-06
3.16666666667	3.1624187906e-06
00000003.15	3.1624187906e-06
3.13333333333	3.1624187906e-06
3.11666666667	6.32483758121e-06
000000003.1	3.1624187906e-06
3.08333333333	3.1624187906e-06
3.06666666667	3.1624187906e-06
00000003.05	3.1624187906e-06
3.03333333333	3.1624187906e-06
3.01666666667	3.1624187906e-06
000000003.0	3.1624187906e-06
2.98333333333	3.1624187906e-06
2.96666666667	3.1624187906e-06
00000002.95	3.1624187906e-06
2.93333333333	3.1624187906e-06
2.91666666667	3.1624187906e-06
000000002.9	3.1624187906e-06
2.88333333333	3.1624187906e-06
2.86666666667	3.1624187906e-06
00000002.85	3.1624187906e-06
2.83333333333	0.0
2.81666666667	3.1624187906e-06
000000002.8	0.0
2.78333333333	0.0
2.76666666667	0.0
00000002.75	-3.1624187906e-06
2.73333333333	-3.1624187906e-06
2.71666666667	-6.32483758121e-06
000000002.7	-6.32483758121e-06
2.68333333333	-6.32483758121e-06
2.66666666667	-9.48725637181e-06
00000002.65	-6.32483758121e-06
2.63333333333	-6.32483758121e-06
2.61666666667	-6.32483758121e-06
000000002.6	-6.32483758121e-06
2.58333333333	-9.48725637181e-06
2.56666666667	-9.48725637181e-06
00000002.55	-1.26496751624e-05
2.53333333333	-1.26496751624e-05
2.51666666667	-1.5812093953e-05
000000002.5	-1.5812093953e-05
2.48333333333	-1.89745127436e-05
2.46666666667	-1.89745127436e-05
00000002.45	-2.21369315342e-05
2.43333333333	-2.21369315342e-05
2.41666666667	-2.52993503248e-05
000000002.4	-2.84617691154e-05
2.38333333333	-3.1624187906e-05
2.36666666667	-3.47866066967e-05
00000002.35	-3.47866066967e-05
2.33333333333	-3.79490254873e-05
2.31666666667	-4.11114442779e-05
000000002.3	-4.42738630685e-05
2.28333333333	-4.74362818591e-05
2.26666666667	-5.05987006497e-05
00000002.25	-5.69235382309e-05
2.23333333333	-6.00859570215e-05
2.21666666667	-6.64107946027e-05
000000002.2	-6.95732133933e-05
2.18333333333	-7.27356321839e-05
2.16666666667	-7.90604697651e-05
00000002.15	-8.53853073463e-05
2.13333333333	-9.17101449275e-05
2.11666666667	-9.48725637181e-05
000000002.1	-0.000101197401299
2.08333333333	-0.000107522238881
2.06666666667	-0.000113847076462
00000002.05	-0.000120171914043
2.03333333333	-0.000129659170415
2.01666666667	-0.000135984007996
000000002.0	-0.00015495852074
1.98333333333	-0.000164445777111
1.96666666667	-0.000173933033483
00000001.95	-0.000186582708646
1.93333333333	-0.000196069965017
1.91666666667	-0.000205557221389
000000001.9	-0.000218206896552
1.88333333333	-0.000230856571714
1.86666666667	-0.000240343828086
00000001.85	-0.000252993503248
1.83333333333	-0.000265643178411
1.81666666667	-0.000278292853573
000000001.8	-0.000294104947526
1.78333333333	-0.000303592203898
1.76666666667	-0.00031624187906
00000001.75	-0.000328891554223
1.73333333333	-0.000341541229385
1.71666666667	-0.000351028485757
000000001.7	-0.000357353323338
1.68333333333	-0.000370002998501
1.66666666667	-0.000382652673663
00000001.65	-0.000395302348826
1.63333333333	-0.000404789605197
1.61666666667	-0.00041743928036
000000001.6	-0.000433251374313
1.58333333333	-0.000449063468266
1.56666666667	-0.000464875562219
00000001.55	-0.000483850074963
1.53333333333	-0.000496499750125
1.51666666667	-0.000505987006497
000000001.5	-0.00052179910045
1.48333333333	-0.000534448775612
1.46666666667	-0.000543936031984
00000001.45	-0.000556585707146
1.43333333333	-0.000566072963518
1.41666666667	-0.00057556021989
000000001.4	-0.000585047476262
1.38333333333	-0.000594534732634
1.36666666667	-0.000607184407796
00000001.35	-0.000616671664168
1.33333333333	-0.00062615892054
1.31666666667	-0.000635646176912
000000001.3	-0.000641971014493
1.28333333333	-0.000651458270865
1.26666666667	-0.000660945527236
00000001.25	-0.000667270364818
1.23333333333	-0.000676757621189
1.21666666667	-0.000683082458771
000000001.2	-0.000695732133933
1.18333333333	-0.000698894552724
1.16666666667	-0.000705219390305
00000001.15	-0.000708381809095
1.13333333333	-0.000714706646677
1.11666666667	-0.000717869065467
000000001.1	-0.000724193903048
1.08333333333	-0.000727356321839
1.06666666667	-0.00073051874063
00000001.05	-0.00073368115942
1.03333333333	-0.000736843578211
1.01666666667	-0.000740005997001
000000001.0	-0.000743168415792
0.983333333333	-0.000746330834583
0.966666666667	-0.000746330834583
00000000.95	-0.000749493253373
0.933333333333	-0.000746330834583
0.916666666667	-0.000749493253373
000000000.9	-0.000749493253373
0.883333333333	-0.000749493253373
0.866666666667	-0.000749493253373
00000000.85	-0.000749493253373
0.833333333333	-0.000749493253373
0.816666666667	-0.000752655672164
000000000.8	-0.000749493253373
0.783333333333	-0.000749493253373
0.766666666667	-0.000749493253373
00000000.75	-0.000749493253373
0.733333333333	-0.000749493253373
0.716666666667	-0.000749493253373
000000000.7	-0.000746330834583
0.683333333333	-0.000743168415792
0.666666666667	-0.000743168415792
00000000.65	-0.000743168415792
0.633333333333	-0.000743168415792
0.616666666667	-0.000740005997001
000000000.6	-0.000740005997001
0.583333333333	-0.000736843578211
0.566666666667	-0.000736843578211
00000000.55	-0.00073368115942
0.533333333333	-0.00073368115942
0.516666666667	-0.00073368115942
000000000.5	-0.00073051874063
0.483333333333	-0.00073051874063
0.466666666667	-0.000727356321839
00000000.45	-0.000727356321839
0.433333333333	-0.000724193903048
0.416666666667	-0.000721031484258
000000000.4	-0.000721031484258
0.383333333333	-0.000717869065467
0.366666666667	-0.000717869065467
00000000.35	-0.000714706646677
0.333333333333	-0.000736843578211
0.316666666667	-0.000758980509745
000000000.3	-0.000755818090955
0.283333333333	-0.000752655672164
0.266666666667	-0.000752655672164
00000000.25	-0.000749493253373
0.233333333333	-0.000749493253373
0.216666666667	-0.00099299950025
000000000.2	-0.000986674662669
0.183333333333	-0.000983512243878
0.166666666667	-0.000983512243878

Down fringes - CONCENTRATION C
Diffusion range: 0
x[mm]		Value 
