Photo:  C:\Users\noname\Desktop\INTERFER2\workspace\prazki\POM5.TIF
Data: Mon Aug 01 07:53:12 2011
Comment: 
Upper fringes - CONCENTRATION C
Diffusion range: 2.6  Subst. ammount: -0.0644495889655  Flow: -64.4495889655 Diffusion coefficient: 10.7438558127
x[mm]		Value 
0.166666666667	-3.79490254873e-05
0.183333333333	-3.79490254873e-05
000000000.2	-4.11114442779e-05
0.216666666667	-4.11114442779e-05
0.233333333333	-4.11114442779e-05
00000000.25	-5.69235382309e-05
0.266666666667	-5.37611194403e-05
0.283333333333	-5.37611194403e-05
000000000.3	-5.37611194403e-05
0.316666666667	-5.37611194403e-05
0.333333333333	-5.05987006497e-05
00000000.35	-5.05987006497e-05
0.366666666667	-4.74362818591e-05
0.383333333333	-4.74362818591e-05
000000000.4	-4.42738630685e-05
0.416666666667	-4.42738630685e-05
0.433333333333	-4.42738630685e-05
00000000.45	-4.11114442779e-05
0.466666666667	-4.42738630685e-05
0.483333333333	-4.11114442779e-05
000000000.5	-4.11114442779e-05
0.516666666667	-4.11114442779e-05
0.533333333333	-4.11114442779e-05
00000000.55	-4.11114442779e-05
0.566666666667	-3.79490254873e-05
0.583333333333	-3.79490254873e-05
000000000.6	-3.79490254873e-05
0.616666666667	-3.79490254873e-05
0.633333333333	-3.47866066967e-05
00000000.65	-3.47866066967e-05
0.666666666667	-3.47866066967e-05
0.683333333333	-3.1624187906e-05
000000000.7	-3.1624187906e-05
0.716666666667	-3.1624187906e-05
0.733333333333	-3.1624187906e-05
00000000.75	-3.1624187906e-05
0.766666666667	-3.1624187906e-05
0.783333333333	-3.1624187906e-05
000000000.8	-3.1624187906e-05
0.816666666667	-2.84617691154e-05
0.833333333333	-3.1624187906e-05
00000000.85	-2.84617691154e-05
0.866666666667	-2.84617691154e-05
0.883333333333	-2.84617691154e-05
000000000.9	-2.84617691154e-05
0.916666666667	-2.84617691154e-05
0.933333333333	-2.21369315342e-05
00000000.95	-2.21369315342e-05
0.966666666667	-2.21369315342e-05
0.983333333333	-1.89745127436e-05
000000001.0	-1.89745127436e-05
1.01666666667	-1.89745127436e-05
1.03333333333	-1.89745127436e-05
00000001.05	-2.21369315342e-05
1.06666666667	-2.21369315342e-05
1.08333333333	-1.89745127436e-05
000000001.1	-1.89745127436e-05
1.11666666667	-1.89745127436e-05
1.13333333333	-1.89745127436e-05
00000001.15	-1.89745127436e-05
1.16666666667	-1.89745127436e-05
1.18333333333	-1.89745127436e-05
000000001.2	-1.89745127436e-05
1.21666666667	-1.89745127436e-05
1.23333333333	-1.89745127436e-05
00000001.25	-1.89745127436e-05
1.26666666667	-1.89745127436e-05
1.28333333333	-1.89745127436e-05
000000001.3	-1.89745127436e-05
1.31666666667	-1.89745127436e-05
1.33333333333	-1.89745127436e-05
00000001.35	-1.89745127436e-05
1.36666666667	-1.89745127436e-05
1.38333333333	-1.89745127436e-05
000000001.4	-1.89745127436e-05
1.41666666667	-1.5812093953e-05
1.43333333333	-1.5812093953e-05
00000001.45	-1.5812093953e-05
1.46666666667	-1.5812093953e-05
1.48333333333	-1.5812093953e-05
000000001.5	-1.5812093953e-05
1.51666666667	-1.5812093953e-05
1.53333333333	-1.5812093953e-05
00000001.55	-1.5812093953e-05
1.56666666667	-1.5812093953e-05
1.58333333333	-1.5812093953e-05
000000001.6	-1.5812093953e-05
1.61666666667	-1.5812093953e-05
1.63333333333	-1.5812093953e-05
00000001.65	-1.26496751624e-05
1.66666666667	-1.5812093953e-05
1.68333333333	-1.5812093953e-05
000000001.7	-1.5812093953e-05
1.71666666667	-1.89745127436e-05
1.73333333333	-1.89745127436e-05
00000001.75	-1.89745127436e-05
1.76666666667	-1.89745127436e-05
1.78333333333	-1.89745127436e-05
000000001.8	-2.21369315342e-05
1.81666666667	-2.21369315342e-05
1.83333333333	-2.21369315342e-05
00000001.85	-1.89745127436e-05
1.86666666667	-1.89745127436e-05
1.88333333333	-2.21369315342e-05
000000001.9	-2.21369315342e-05
1.91666666667	-2.21369315342e-05
1.93333333333	-1.89745127436e-05
00000001.95	-1.89745127436e-05
1.96666666667	-1.89745127436e-05
1.98333333333	-1.89745127436e-05
000000002.0	-1.89745127436e-05
2.01666666667	-1.89745127436e-05
2.03333333333	-1.89745127436e-05
00000002.05	-1.89745127436e-05
2.06666666667	-1.89745127436e-05
2.08333333333	-1.89745127436e-05
000000002.1	-1.89745127436e-05
2.11666666667	-1.89745127436e-05
2.13333333333	-1.89745127436e-05
00000002.15	-1.89745127436e-05
2.16666666667	-1.89745127436e-05
2.18333333333	-1.89745127436e-05
000000002.2	-1.89745127436e-05
2.21666666667	-1.89745127436e-05
2.23333333333	-1.89745127436e-05
00000002.25	-1.89745127436e-05
2.26666666667	-1.5812093953e-05
2.28333333333	-1.89745127436e-05
000000002.3	-1.5812093953e-05
2.31666666667	-1.89745127436e-05
2.33333333333	-1.89745127436e-05
00000002.35	-1.89745127436e-05
2.36666666667	-1.89745127436e-05
2.38333333333	-1.5812093953e-05
000000002.4	-1.5812093953e-05
2.41666666667	-1.5812093953e-05
2.43333333333	-1.26496751624e-05
00000002.45	-1.26496751624e-05
2.46666666667	-1.26496751624e-05
2.48333333333	-1.26496751624e-05
000000002.5	-1.26496751624e-05
2.51666666667	-1.26496751624e-05
2.53333333333	-1.26496751624e-05
00000002.55	-1.26496751624e-05
2.56666666667	-1.26496751624e-05
2.58333333333	-9.48725637181e-06
000000002.6	-1.26496751624e-05
2.61666666667	-1.26496751624e-05
2.63333333333	-1.26496751624e-05
00000002.65	-1.26496751624e-05
2.66666666667	-1.26496751624e-05
2.68333333333	-1.26496751624e-05
000000002.7	-1.26496751624e-05
2.71666666667	-1.26496751624e-05
2.73333333333	-1.26496751624e-05
00000002.75	-1.26496751624e-05
2.76666666667	-1.26496751624e-05
2.78333333333	-9.48725637181e-06
000000002.8	-9.48725637181e-06
2.81666666667	-9.48725637181e-06
2.83333333333	-1.26496751624e-05
00000002.85	-9.48725637181e-06
2.86666666667	-9.48725637181e-06
2.88333333333	-9.48725637181e-06
000000002.9	-9.48725637181e-06
2.91666666667	-1.26496751624e-05
2.93333333333	-9.48725637181e-06
00000002.95	-9.48725637181e-06
2.96666666667	-9.48725637181e-06
2.98333333333	-9.48725637181e-06
000000003.0	-9.48725637181e-06
3.01666666667	-6.32483758121e-06
3.03333333333	-6.32483758121e-06
00000003.05	-9.48725637181e-06
3.06666666667	-9.48725637181e-06
3.08333333333	-9.48725637181e-06
000000003.1	-1.26496751624e-05
3.11666666667	-1.26496751624e-05
3.13333333333	-1.26496751624e-05
00000003.15	-1.26496751624e-05
3.16666666667	-1.26496751624e-05
3.18333333333	-1.26496751624e-05
000000003.2	-1.26496751624e-05
3.21666666667	-1.26496751624e-05
3.23333333333	-1.26496751624e-05
00000003.25	-9.48725637181e-06
3.26666666667	-9.48725637181e-06
3.28333333333	-1.26496751624e-05
000000003.3	-1.26496751624e-05
3.31666666667	-1.26496751624e-05
3.33333333333	-1.26496751624e-05
00000003.35	-1.26496751624e-05
3.36666666667	-1.26496751624e-05
3.38333333333	-9.48725637181e-06
000000003.4	-1.26496751624e-05
3.41666666667	-1.26496751624e-05
3.43333333333	-9.48725637181e-06
00000003.45	-9.48725637181e-06
3.46666666667	-1.26496751624e-05
3.48333333333	-1.26496751624e-05
000000003.5	-1.26496751624e-05
3.51666666667	-9.48725637181e-06
3.53333333333	-9.48725637181e-06
00000003.55	-9.48725637181e-06
3.56666666667	-9.48725637181e-06
3.58333333333	-1.26496751624e-05
000000003.6	-1.26496751624e-05
3.61666666667	-1.26496751624e-05
3.63333333333	-1.26496751624e-05
00000003.65	-1.26496751624e-05
3.66666666667	-1.26496751624e-05
3.68333333333	-9.48725637181e-06
000000003.7	-9.48725637181e-06
3.71666666667	-9.48725637181e-06
3.73333333333	-9.48725637181e-06
00000003.75	-9.48725637181e-06
3.76666666667	-1.26496751624e-05
3.78333333333	-9.48725637181e-06
000000003.8	-9.48725637181e-06
3.81666666667	-9.48725637181e-06
3.83333333333	-9.48725637181e-06
00000003.85	-9.48725637181e-06
3.86666666667	-9.48725637181e-06
3.88333333333	-9.48725637181e-06
000000003.9	-9.48725637181e-06
3.91666666667	-9.48725637181e-06
3.93333333333	-9.48725637181e-06
00000003.95	-9.48725637181e-06
3.96666666667	-9.48725637181e-06
3.98333333333	-9.48725637181e-06
000000004.0	-9.48725637181e-06
4.01666666667	-9.48725637181e-06
4.03333333333	-9.48725637181e-06
00000004.05	-9.48725637181e-06
4.06666666667	-9.48725637181e-06
4.08333333333	-9.48725637181e-06
000000004.1	-9.48725637181e-06
4.11666666667	-9.48725637181e-06
4.13333333333	-9.48725637181e-06
00000004.15	-9.48725637181e-06
4.16666666667	-9.48725637181e-06
4.18333333333	-9.48725637181e-06
000000004.2	-9.48725637181e-06
4.21666666667	-9.48725637181e-06
4.23333333333	-9.48725637181e-06
00000004.25	-9.48725637181e-06
4.26666666667	-9.48725637181e-06
4.28333333333	-9.48725637181e-06
000000004.3	-9.48725637181e-06
4.31666666667	-9.48725637181e-06
4.33333333333	-9.48725637181e-06
00000004.35	-9.48725637181e-06
4.36666666667	-9.48725637181e-06
4.38333333333	-9.48725637181e-06
000000004.4	-9.48725637181e-06
4.41666666667	-9.48725637181e-06
4.43333333333	-9.48725637181e-06
00000004.45	-9.48725637181e-06
4.46666666667	-9.48725637181e-06
4.48333333333	-9.48725637181e-06
000000004.5	-9.48725637181e-06
4.51666666667	-6.32483758121e-06
4.53333333333	-9.48725637181e-06
00000004.55	-9.48725637181e-06
4.56666666667	-9.48725637181e-06
4.58333333333	-9.48725637181e-06
000000004.6	-9.48725637181e-06
4.61666666667	-6.32483758121e-06
4.63333333333	-6.32483758121e-06
00000004.65	-6.32483758121e-06
4.66666666667	-9.48725637181e-06
4.68333333333	-9.48725637181e-06
000000004.7	-9.48725637181e-06
4.71666666667	-6.32483758121e-06
4.73333333333	-6.32483758121e-06
00000004.75	-6.32483758121e-06
4.76666666667	-6.32483758121e-06
4.78333333333	-6.32483758121e-06
000000004.8	-6.32483758121e-06
4.81666666667	-6.32483758121e-06
4.83333333333	-6.32483758121e-06
00000004.85	-6.32483758121e-06
4.86666666667	-6.32483758121e-06
4.88333333333	-6.32483758121e-06
000000004.9	-6.32483758121e-06
4.91666666667	-6.32483758121e-06
4.93333333333	-6.32483758121e-06
00000004.95	-3.1624187906e-06
4.96666666667	-3.1624187906e-06
4.98333333333	-3.1624187906e-06
000000005.0	-3.1624187906e-06
5.01666666667	-6.32483758121e-06
5.03333333333	-6.32483758121e-06
00000005.05	-6.32483758121e-06
5.06666666667	-6.32483758121e-06
5.08333333333	-6.32483758121e-06
000000005.1	-3.1624187906e-06
5.11666666667	-3.1624187906e-06
5.13333333333	-3.1624187906e-06
00000005.15	-3.1624187906e-06
5.16666666667	-3.1624187906e-06
5.18333333333	-6.32483758121e-06
000000005.2	-6.32483758121e-06
5.21666666667	-3.1624187906e-06
5.23333333333	-6.32483758121e-06
00000005.25	-3.1624187906e-06
5.26666666667	-3.1624187906e-06
5.28333333333	-3.1624187906e-06
000000005.3	-6.32483758121e-06
5.31666666667	-3.1624187906e-06
5.33333333333	-6.32483758121e-06
00000005.35	-6.32483758121e-06
5.36666666667	-6.32483758121e-06
5.38333333333	-6.32483758121e-06
000000005.4	-6.32483758121e-06
5.41666666667	-3.1624187906e-06
5.43333333333	-3.1624187906e-06
00000005.45	-3.1624187906e-06
5.46666666667	-6.32483758121e-06
5.48333333333	-3.1624187906e-06
000000005.5	-3.1624187906e-06
5.51666666667	-3.1624187906e-06

Down fringes - CONCENTRATION C
Diffusion range: 0  Subst. ammount: 0  Flow: 0 Diffusion coefficient: 0
x[mm]		Value 
